Root Chord: 0.4
Tip Chord: 0.2
Span: 0.3
Area: 0.09000000000000001
Mass: 1.8000000000000007
CoM: 0.15555555555555556
Cost: 1200
Level: 3
