Root Chord: 0.2
Tip Chord: 0.1
Span: 0.2
Area: 0.030000000000000006
Mass: 0.30000000000000016
CoM: 0.07777777777777778
Cost: 800
Level: 2
