Root Chord: 0.12
Tip Chord: 0.06
Span: 0.11
Area: 0.009899999999999999
Mass: 0.059399999999999994
CoM: 0.04666666666666666
Cost: 300
Level: 1
