Top Radius: 0.6
Bottom Radius: 0.5
Length: 1.0
Volume: 0.19603538158400302
Mass: 98.01769079200152
CoM: 0.48397108876906875
Cost: 0.0
Level: 10
